image: demo.pgm
resolution: 0.012000
origin: [-5.050000, -5.600, 0.000000]
negate: 0
occupied_thresh: 0.65
free_thresh: 0.196

